Available GPUs:  [0]
Currently used GPU:  0
Files already downloaded and verified
[1, 1, 1, 1, 1, 1, 1, 0]
[0, 0, 0, 0, 0, 0, 0, 0]
Successfully created the directory /mnt/c/Users/leona/Projects/TU-Dortmund/RTM/rtm_fmnist_cifar/experiments/VGG7/results-23-01-2024-14:22:58
Loaded model:  model_cifar8582.pt
block_size:  64
-----------------------------
Inference #0
Error rate:  0.1
+
tensor([[[ -8., -16., -10.],
         [  0., -24.,   6.],
         [ 14., -14.,  -8.]],

        [[ 18.,  -2.,  -4.],
         [ -8.,   0.,   6.],
         [ -4.,   8.,  -6.]],

        [[ 18.,   6., -10.],
         [  8., -10.,  20.],
         [ -8.,  -2.,   8.]]], device='cuda:0')
tensor([[[  8.,   6., -22.],
         [  4.,  -2.,  -4.],
         [-14.,  -2.,  -4.]],

        [[-16., -12., -12.],
         [ -4.,  12.,   8.],
         [ 12.,  -2., -12.]],

        [[ -2., -26., -30.],
         [  8.,   6.,   8.],
         [  6.,   4.,   4.]],

        ...,

        [[-16.,   2.,   8.],
         [  2.,  -6.,   0.],
         [  2.,   4., -16.]],

        [[ 18., -12.,  -4.],
         [  0.,  16.,   2.],
         [ -6.,  16.,  -2.]],

        [[ 18.,  28.,  36.],
         [ -2.,   4.,   6.],
         [-22.,  -4.,   6.]]], device='cuda:0')
tensor([[[ 12.,   6.,  28.],
         [ -6.,  28.,  -4.],
         [ 38.,   6.,  -2.]],

        [[ 20., -24.,   2.],
         [-12.,   8.,  -6.],
         [ 10.,  10.,  16.]],

        [[ 10.,  36.,  18.],
         [ 26.,  32.,  32.],
         [ 38.,  42.,  36.]],

        ...,

        [[-20., -18., -14.],
         [ -6., -14.,  16.],
         [-14., -12., -34.]],

        [[  2.,   0.,   2.],
         [ 10.,  30.,   6.],
         [-16.,   8.,   6.]],

        [[-14.,  10., -14.],
         [ 12.,  12., -14.],
         [ 26.,  -4.,  14.]]], device='cuda:0')
tensor([[[-82., -50., -48.],
         [ 24.,  -6.,  24.],
         [ -4.,   2.,  40.]],

        [[ -6.,  -8.,  12.],
         [ 40.,  38.,  52.],
         [ 24., -18.,  14.]],

        [[-30., -28., -76.],
         [ 52.,  18.,   4.],
         [ 22.,  -6., -10.]],

        ...,

        [[ 58.,  24.,   8.],
         [  2., -14., -26.],
         [ 24., -42., -16.]],

        [[-56.,  -2., -30.],
         [-32., -38.,  -6.],
         [  8.,  26.,  24.]],

        [[-14.,   0.,   8.],
         [  4.,  12.,  -2.],
         [ 16.,  20.,  24.]]], device='cuda:0')
tensor([[[-12.,   0., -16.],
         [ 30.,   4.,   0.],
         [  2.,   6.,  -6.]],

        [[ 12.,  22.,  34.],
         [-30., -36., -32.],
         [-50.,  -6., -52.]],

        [[ 16.,  26.,  32.],
         [  0.,  16.,  26.],
         [ -8.,  -4.,  20.]],

        ...,

        [[ -6., -20., -18.],
         [ 10.,  -8.,   0.],
         [ 10., -10., -16.]],

        [[ 22.,  20.,  30.],
         [ 22.,  -8.,  34.],
         [ 50., -10.,  32.]],

        [[  4.,  38.,   4.],
         [ 12.,  38.,  38.],
         [  8.,  30.,   8.]]], device='cuda:0')
tensor([[[  24.,  -34.,   88.],
         [ 100.,  -26.,  100.],
         [  40.,   12.,   80.]],

        [[  36.,   -6.,   34.],
         [ -16.,  -84.,  -54.],
         [ 134.,   58.,   80.]],

        [[-182.,   10., -192.],
         [ -50.,  124., -106.],
         [ -96.,   18., -200.]],

        ...,

        [[ -38.,   32.,   74.],
         [ -20.,  -34.,   22.],
         [ -76.,  -44.,  -14.]],

        [[ -16.,   20.,  -42.],
         [ -68.,   24.,  -94.],
         [ -70.,  -54., -166.]],

        [[   6., -124.,   30.],
         [  88.,  -90.,  102.],
         [  24.,  -72.,   96.]]], device='cuda:0')
tensor([ 6., -6., 30.,  ...,  6., 22., -4.], device='cuda:0')
tensor([ 10., -10., -10.,  ...,  -8.,  -4.,  -2.], device='cuda:0')
-
+
tensor([[[ -8., -16., -10.],
         [  0., -24.,   6.],
         [ 14., -14.,  -8.]],

        [[ 18.,  -2.,  -4.],
         [ -8.,   0.,   6.],
         [ -4.,   8.,  -6.]],

        [[ 18.,   6., -10.],
         [  8., -10.,  20.],
         [ -8.,  -2.,   8.]]], device='cuda:0')
tensor([[[  8.,   6., -22.],
         [  4.,  -2.,  -4.],
         [-14.,  -2.,  -4.]],

        [[-16., -12., -12.],
         [ -4.,  12.,   8.],
         [ 12.,  -2., -12.]],

        [[ -2., -26., -30.],
         [  8.,   6.,   8.],
         [  6.,   4.,   4.]],

        ...,

        [[-16.,   2.,   8.],
         [  2.,  -6.,   0.],
         [  2.,   4., -16.]],

        [[ 18., -12.,  -4.],
         [  0.,  16.,   2.],
         [ -6.,  16.,  -2.]],

        [[ 18.,  28.,  36.],
         [ -2.,   4.,   6.],
         [-22.,  -4.,   6.]]], device='cuda:0')
tensor([[[ 12.,   6.,  28.],
         [ -6.,  28.,  -4.],
         [ 38.,   6.,  -2.]],

        [[ 20., -24.,   2.],
         [-12.,   8.,  -6.],
         [ 10.,  10.,  16.]],

        [[ 10.,  36.,  18.],
         [ 26.,  32.,  32.],
         [ 38.,  42.,  36.]],

        ...,

        [[-20., -18., -14.],
         [ -6., -14.,  16.],
         [-14., -12., -34.]],

        [[  2.,   0.,   2.],
         [ 10.,  30.,   6.],
         [-16.,   8.,   6.]],

        [[-14.,  10., -14.],
         [ 12.,  12., -14.],
         [ 26.,  -4.,  14.]]], device='cuda:0')
tensor([[[-82., -50., -48.],
         [ 24.,  -6.,  24.],
         [ -4.,   2.,  40.]],

        [[ -6.,  -8.,  12.],
         [ 40.,  38.,  52.],
         [ 24., -18.,  14.]],

        [[-30., -28., -76.],
         [ 52.,  18.,   4.],
         [ 22.,  -6., -10.]],

        ...,

        [[ 58.,  24.,   8.],
         [  2., -14., -26.],
         [ 24., -42., -16.]],

        [[-56.,  -2., -30.],
         [-32., -38.,  -6.],
         [  8.,  26.,  24.]],

        [[-14.,   0.,   8.],
         [  4.,  12.,  -2.],
         [ 16.,  20.,  24.]]], device='cuda:0')
tensor([[[-12.,   0., -16.],
         [ 30.,   4.,   0.],
         [  2.,   6.,  -6.]],

        [[ 12.,  22.,  34.],
         [-30., -36., -32.],
         [-50.,  -6., -52.]],

        [[ 16.,  26.,  32.],
         [  0.,  16.,  26.],
         [ -8.,  -4.,  20.]],

        ...,

        [[ -6., -20., -18.],
         [ 10.,  -8.,   0.],
         [ 10., -10., -16.]],

        [[ 22.,  20.,  30.],
         [ 22.,  -8.,  34.],
         [ 50., -10.,  32.]],

        [[  4.,  38.,   4.],
         [ 12.,  38.,  38.],
         [  8.,  30.,   8.]]], device='cuda:0')
tensor([[[  24.,  -34.,   88.],
         [ 100.,  -26.,  100.],
         [  40.,   12.,   80.]],

        [[  36.,   -6.,   34.],
         [ -16.,  -84.,  -54.],
         [ 134.,   58.,   80.]],

        [[-182.,   10., -192.],
         [ -50.,  124., -106.],
         [ -96.,   18., -200.]],

        ...,

        [[ -38.,   32.,   74.],
         [ -20.,  -34.,   22.],
         [ -76.,  -44.,  -14.]],

        [[ -16.,   20.,  -42.],
         [ -68.,   24.,  -94.],
         [ -70.,  -54., -166.]],

        [[   6., -124.,   30.],
         [  88.,  -90.,  102.],
         [  24.,  -72.,   96.]]], device='cuda:0')
tensor([ 6., -6., 30.,  ...,  6., 22., -4.], device='cuda:0')
tensor([ 10., -10., -10.,  ...,  -8.,  -4.,  -2.], device='cuda:0')
-
+
tensor([[[ -8., -16., -10.],
         [  0., -24.,   6.],
         [ 14., -14.,  -8.]],

        [[ 18.,  -2.,  -4.],
         [ -8.,   0.,   6.],
         [ -4.,   8.,  -6.]],

        [[ 18.,   6., -10.],
         [  8., -10.,  20.],
         [ -8.,  -2.,   8.]]], device='cuda:0')
tensor([[[  8.,   6., -22.],
         [  4.,  -2.,  -4.],
         [-14.,  -2.,  -4.]],

        [[-16., -12., -12.],
         [ -4.,  12.,   8.],
         [ 12.,  -2., -12.]],

        [[ -2., -26., -30.],
         [  8.,   6.,   8.],
         [  6.,   4.,   4.]],

        ...,

        [[-16.,   2.,   8.],
         [  2.,  -6.,   0.],
         [  2.,   4., -16.]],

        [[ 18., -12.,  -4.],
         [  0.,  16.,   2.],
         [ -6.,  16.,  -2.]],

        [[ 18.,  28.,  36.],
         [ -2.,   4.,   6.],
         [-22.,  -4.,   6.]]], device='cuda:0')
tensor([[[ 12.,   6.,  28.],
         [ -6.,  28.,  -4.],
         [ 38.,   6.,  -2.]],

        [[ 20., -24.,   2.],
         [-12.,   8.,  -6.],
         [ 10.,  10.,  16.]],

        [[ 10.,  36.,  18.],
         [ 26.,  32.,  32.],
         [ 38.,  42.,  36.]],

        ...,

        [[-20., -18., -14.],
         [ -6., -14.,  16.],
         [-14., -12., -34.]],

        [[  2.,   0.,   2.],
         [ 10.,  30.,   6.],
         [-16.,   8.,   6.]],

        [[-14.,  10., -14.],
         [ 12.,  12., -14.],
         [ 26.,  -4.,  14.]]], device='cuda:0')
tensor([[[-82., -50., -48.],
         [ 24.,  -6.,  24.],
         [ -4.,   2.,  40.]],

        [[ -6.,  -8.,  12.],
         [ 40.,  38.,  52.],
         [ 24., -18.,  14.]],

        [[-30., -28., -76.],
         [ 52.,  18.,   4.],
         [ 22.,  -6., -10.]],

        ...,

        [[ 58.,  24.,   8.],
         [  2., -14., -26.],
         [ 24., -42., -16.]],

        [[-56.,  -2., -30.],
         [-32., -38.,  -6.],
         [  8.,  26.,  24.]],

        [[-14.,   0.,   8.],
         [  4.,  12.,  -2.],
         [ 16.,  20.,  24.]]], device='cuda:0')
tensor([[[-12.,   0., -16.],
         [ 30.,   4.,   0.],
         [  2.,   6.,  -6.]],

        [[ 12.,  22.,  34.],
         [-30., -36., -32.],
         [-50.,  -6., -52.]],

        [[ 16.,  26.,  32.],
         [  0.,  16.,  26.],
         [ -8.,  -4.,  20.]],

        ...,

        [[ -6., -20., -18.],
         [ 10.,  -8.,   0.],
         [ 10., -10., -16.]],

        [[ 22.,  20.,  30.],
         [ 22.,  -8.,  34.],
         [ 50., -10.,  32.]],

        [[  4.,  38.,   4.],
         [ 12.,  38.,  38.],
         [  8.,  30.,   8.]]], device='cuda:0')
tensor([[[  24.,  -34.,   88.],
         [ 100.,  -26.,  100.],
         [  40.,   12.,   80.]],

        [[  36.,   -6.,   34.],
         [ -16.,  -84.,  -54.],
         [ 134.,   58.,   80.]],

        [[-182.,   10., -192.],
         [ -50.,  124., -106.],
         [ -96.,   18., -200.]],

        ...,

        [[ -38.,   32.,   74.],
         [ -20.,  -34.,   22.],
         [ -76.,  -44.,  -14.]],

        [[ -16.,   20.,  -42.],
         [ -68.,   24.,  -94.],
         [ -70.,  -54., -166.]],

        [[   6., -124.,   30.],
         [  88.,  -90.,  102.],
         [  24.,  -72.,   96.]]], device='cuda:0')
tensor([ 6., -6., 30.,  ...,  6., 22., -4.], device='cuda:0')
tensor([ 10., -10., -10.,  ...,  -8.,  -4.,  -2.], device='cuda:0')
-
+
tensor([[[ -8., -16., -10.],
         [  0., -24.,   6.],
         [ 14., -14.,  -8.]],

        [[ 18.,  -2.,  -4.],
         [ -8.,   0.,   6.],
         [ -4.,   8.,  -6.]],

        [[ 18.,   6., -10.],
         [  8., -10.,  20.],
         [ -8.,  -2.,   8.]]], device='cuda:0')
tensor([[[  8.,   6., -22.],
         [  4.,  -2.,  -4.],
         [-14.,  -2.,  -4.]],

        [[-16., -12., -12.],
         [ -4.,  12.,   8.],
         [ 12.,  -2., -12.]],

        [[ -2., -26., -30.],
         [  8.,   6.,   8.],
         [  6.,   4.,   4.]],

        ...,

        [[-16.,   2.,   8.],
         [  2.,  -6.,   0.],
         [  2.,   4., -16.]],

        [[ 18., -12.,  -4.],
         [  0.,  16.,   2.],
         [ -6.,  16.,  -2.]],

        [[ 18.,  28.,  36.],
         [ -2.,   4.,   6.],
         [-22.,  -4.,   6.]]], device='cuda:0')
tensor([[[ 12.,   6.,  28.],
         [ -6.,  28.,  -4.],
         [ 38.,   6.,  -2.]],

        [[ 20., -24.,   2.],
         [-12.,   8.,  -6.],
         [ 10.,  10.,  16.]],

        [[ 10.,  36.,  18.],
         [ 26.,  32.,  32.],
         [ 38.,  42.,  36.]],

        ...,

        [[-20., -18., -14.],
         [ -6., -14.,  16.],
         [-14., -12., -34.]],

        [[  2.,   0.,   2.],
         [ 10.,  30.,   6.],
         [-16.,   8.,   6.]],

        [[-14.,  10., -14.],
         [ 12.,  12., -14.],
         [ 26.,  -4.,  14.]]], device='cuda:0')
tensor([[[-82., -50., -48.],
         [ 24.,  -6.,  24.],
         [ -4.,   2.,  40.]],

        [[ -6.,  -8.,  12.],
         [ 40.,  38.,  52.],
         [ 24., -18.,  14.]],

        [[-30., -28., -76.],
         [ 52.,  18.,   4.],
         [ 22.,  -6., -10.]],

        ...,

        [[ 58.,  24.,   8.],
         [  2., -14., -26.],
         [ 24., -42., -16.]],

        [[-56.,  -2., -30.],
         [-32., -38.,  -6.],
         [  8.,  26.,  24.]],

        [[-14.,   0.,   8.],
         [  4.,  12.,  -2.],
         [ 16.,  20.,  24.]]], device='cuda:0')
tensor([[[-12.,   0., -16.],
         [ 30.,   4.,   0.],
         [  2.,   6.,  -6.]],

        [[ 12.,  22.,  34.],
         [-30., -36., -32.],
         [-50.,  -6., -52.]],

        [[ 16.,  26.,  32.],
         [  0.,  16.,  26.],
         [ -8.,  -4.,  20.]],

        ...,

        [[ -6., -20., -18.],
         [ 10.,  -8.,   0.],
         [ 10., -10., -16.]],

        [[ 22.,  20.,  30.],
         [ 22.,  -8.,  34.],
         [ 50., -10.,  32.]],

        [[  4.,  38.,   4.],
         [ 12.,  38.,  38.],
         [  8.,  30.,   8.]]], device='cuda:0')
tensor([[[  24.,  -34.,   88.],
         [ 100.,  -26.,  100.],
         [  40.,   12.,   80.]],

        [[  36.,   -6.,   34.],
         [ -16.,  -84.,  -54.],
         [ 134.,   58.,   80.]],

        [[-182.,   10., -192.],
         [ -50.,  124., -106.],
         [ -96.,   18., -200.]],

        ...,

        [[ -38.,   32.,   74.],
         [ -20.,  -34.,   22.],
         [ -76.,  -44.,  -14.]],

        [[ -16.,   20.,  -42.],
         [ -68.,   24.,  -94.],
         [ -70.,  -54., -166.]],

        [[   6., -124.,   30.],
         [  88.,  -90.,  102.],
         [  24.,  -72.,   96.]]], device='cuda:0')
tensor([ 6., -6., 30.,  ...,  6., 22., -4.], device='cuda:0')
tensor([ 10., -10., -10.,  ...,  -8.,  -4.,  -2.], device='cuda:0')
-
+
tensor([[[ -8., -16., -10.],
         [  0., -24.,   6.],
         [ 14., -14.,  -8.]],

        [[ 18.,  -2.,  -4.],
         [ -8.,   0.,   6.],
         [ -4.,   8.,  -6.]],

        [[ 18.,   6., -10.],
         [  8., -10.,  20.],
         [ -8.,  -2.,   8.]]], device='cuda:0')
tensor([[[  8.,   6., -22.],
         [  4.,  -2.,  -4.],
         [-14.,  -2.,  -4.]],

        [[-16., -12., -12.],
         [ -4.,  12.,   8.],
         [ 12.,  -2., -12.]],

        [[ -2., -26., -30.],
         [  8.,   6.,   8.],
         [  6.,   4.,   4.]],

        ...,

        [[-16.,   2.,   8.],
         [  2.,  -6.,   0.],
         [  2.,   4., -16.]],

        [[ 18., -12.,  -4.],
         [  0.,  16.,   2.],
         [ -6.,  16.,  -2.]],

        [[ 18.,  28.,  36.],
         [ -2.,   4.,   6.],
         [-22.,  -4.,   6.]]], device='cuda:0')
tensor([[[ 12.,   6.,  28.],
         [ -6.,  28.,  -4.],
         [ 38.,   6.,  -2.]],

        [[ 20., -24.,   2.],
         [-12.,   8.,  -6.],
         [ 10.,  10.,  16.]],

        [[ 10.,  36.,  18.],
         [ 26.,  32.,  32.],
         [ 38.,  42.,  36.]],

        ...,

        [[-20., -18., -14.],
         [ -6., -14.,  16.],
         [-14., -12., -34.]],

        [[  2.,   0.,   2.],
         [ 10.,  30.,   6.],
         [-16.,   8.,   6.]],

        [[-14.,  10., -14.],
         [ 12.,  12., -14.],
         [ 26.,  -4.,  14.]]], device='cuda:0')
tensor([[[-82., -50., -48.],
         [ 24.,  -6.,  24.],
         [ -4.,   2.,  40.]],

        [[ -6.,  -8.,  12.],
         [ 40.,  38.,  52.],
         [ 24., -18.,  14.]],

        [[-30., -28., -76.],
         [ 52.,  18.,   4.],
         [ 22.,  -6., -10.]],

        ...,

        [[ 58.,  24.,   8.],
         [  2., -14., -26.],
         [ 24., -42., -16.]],

        [[-56.,  -2., -30.],
         [-32., -38.,  -6.],
         [  8.,  26.,  24.]],

        [[-14.,   0.,   8.],
         [  4.,  12.,  -2.],
         [ 16.,  20.,  24.]]], device='cuda:0')
tensor([[[-12.,   0., -16.],
         [ 30.,   4.,   0.],
         [  2.,   6.,  -6.]],

        [[ 12.,  22.,  34.],
         [-30., -36., -32.],
         [-50.,  -6., -52.]],

        [[ 16.,  26.,  32.],
         [  0.,  16.,  26.],
         [ -8.,  -4.,  20.]],

        ...,

        [[ -6., -20., -18.],
         [ 10.,  -8.,   0.],
         [ 10., -10., -16.]],

        [[ 22.,  20.,  30.],
         [ 22.,  -8.,  34.],
         [ 50., -10.,  32.]],

        [[  4.,  38.,   4.],
         [ 12.,  38.,  38.],
         [  8.,  30.,   8.]]], device='cuda:0')
tensor([[[  24.,  -34.,   88.],
         [ 100.,  -26.,  100.],
         [  40.,   12.,   80.]],

        [[  36.,   -6.,   34.],
         [ -16.,  -84.,  -54.],
         [ 134.,   58.,   80.]],

        [[-182.,   10., -192.],
         [ -50.,  124., -106.],
         [ -96.,   18., -200.]],

        ...,

        [[ -38.,   32.,   74.],
         [ -20.,  -34.,   22.],
         [ -76.,  -44.,  -14.]],

        [[ -16.,   20.,  -42.],
         [ -68.,   24.,  -94.],
         [ -70.,  -54., -166.]],

        [[   6., -124.,   30.],
         [  88.,  -90.,  102.],
         [  24.,  -72.,   96.]]], device='cuda:0')
tensor([ 6., -6., 30.,  ...,  6., 22., -4.], device='cuda:0')
tensor([ 10., -10., -10.,  ...,  -8.,  -4.,  -2.], device='cuda:0')
-
+
tensor([[[ -8., -16., -10.],
         [  0., -24.,   6.],
         [ 14., -14.,  -8.]],

        [[ 18.,  -2.,  -4.],
         [ -8.,   0.,   6.],
         [ -4.,   8.,  -6.]],

        [[ 18.,   6., -10.],
         [  8., -10.,  20.],
         [ -8.,  -2.,   8.]]], device='cuda:0')
tensor([[[  8.,   6., -22.],
         [  4.,  -2.,  -4.],
         [-14.,  -2.,  -4.]],

        [[-16., -12., -12.],
         [ -4.,  12.,   8.],
         [ 12.,  -2., -12.]],

        [[ -2., -26., -30.],
         [  8.,   6.,   8.],
         [  6.,   4.,   4.]],

        ...,

        [[-16.,   2.,   8.],
         [  2.,  -6.,   0.],
         [  2.,   4., -16.]],

        [[ 18., -12.,  -4.],
         [  0.,  16.,   2.],
         [ -6.,  16.,  -2.]],

        [[ 18.,  28.,  36.],
         [ -2.,   4.,   6.],
         [-22.,  -4.,   6.]]], device='cuda:0')
tensor([[[ 12.,   6.,  28.],
         [ -6.,  28.,  -4.],
         [ 38.,   6.,  -2.]],

        [[ 20., -24.,   2.],
         [-12.,   8.,  -6.],
         [ 10.,  10.,  16.]],

        [[ 10.,  36.,  18.],
         [ 26.,  32.,  32.],
         [ 38.,  42.,  36.]],

        ...,

        [[-20., -18., -14.],
         [ -6., -14.,  16.],
         [-14., -12., -34.]],

        [[  2.,   0.,   2.],
         [ 10.,  30.,   6.],
         [-16.,   8.,   6.]],

        [[-14.,  10., -14.],
         [ 12.,  12., -14.],
         [ 26.,  -4.,  14.]]], device='cuda:0')
tensor([[[-82., -50., -48.],
         [ 24.,  -6.,  24.],
         [ -4.,   2.,  40.]],

        [[ -6.,  -8.,  12.],
         [ 40.,  38.,  52.],
         [ 24., -18.,  14.]],

        [[-30., -28., -76.],
         [ 52.,  18.,   4.],
         [ 22.,  -6., -10.]],

        ...,

        [[ 58.,  24.,   8.],
         [  2., -14., -26.],
         [ 24., -42., -16.]],

        [[-56.,  -2., -30.],
         [-32., -38.,  -6.],
         [  8.,  26.,  24.]],

        [[-14.,   0.,   8.],
         [  4.,  12.,  -2.],
         [ 16.,  20.,  24.]]], device='cuda:0')
tensor([[[-12.,   0., -16.],
         [ 30.,   4.,   0.],
         [  2.,   6.,  -6.]],

        [[ 12.,  22.,  34.],
         [-30., -36., -32.],
         [-50.,  -6., -52.]],

        [[ 16.,  26.,  32.],
         [  0.,  16.,  26.],
         [ -8.,  -4.,  20.]],

        ...,

        [[ -6., -20., -18.],
         [ 10.,  -8.,   0.],
         [ 10., -10., -16.]],

        [[ 22.,  20.,  30.],
         [ 22.,  -8.,  34.],
         [ 50., -10.,  32.]],

        [[  4.,  38.,   4.],
         [ 12.,  38.,  38.],
         [  8.,  30.,   8.]]], device='cuda:0')
tensor([[[  24.,  -34.,   88.],
         [ 100.,  -26.,  100.],
         [  40.,   12.,   80.]],

        [[  36.,   -6.,   34.],
         [ -16.,  -84.,  -54.],
         [ 134.,   58.,   80.]],

        [[-182.,   10., -192.],
         [ -50.,  124., -106.],
         [ -96.,   18., -200.]],

        ...,

        [[ -38.,   32.,   74.],
         [ -20.,  -34.,   22.],
         [ -76.,  -44.,  -14.]],

        [[ -16.,   20.,  -42.],
         [ -68.,   24.,  -94.],
         [ -70.,  -54., -166.]],

        [[   6., -124.,   30.],
         [  88.,  -90.,  102.],
         [  24.,  -72.,   96.]]], device='cuda:0')
tensor([ 6., -6., 30.,  ...,  6., 22., -4.], device='cuda:0')
tensor([ 10., -10., -10.,  ...,  -8.,  -4.,  -2.], device='cuda:0')
-
+
tensor([[[ -8., -16., -10.],
         [  0., -24.,   6.],
         [ 14., -14.,  -8.]],

        [[ 18.,  -2.,  -4.],
         [ -8.,   0.,   6.],
         [ -4.,   8.,  -6.]],

        [[ 18.,   6., -10.],
         [  8., -10.,  20.],
         [ -8.,  -2.,   8.]]], device='cuda:0')
tensor([[[  8.,   6., -22.],
         [  4.,  -2.,  -4.],
         [-14.,  -2.,  -4.]],

        [[-16., -12., -12.],
         [ -4.,  12.,   8.],
         [ 12.,  -2., -12.]],

        [[ -2., -26., -30.],
         [  8.,   6.,   8.],
         [  6.,   4.,   4.]],

        ...,

        [[-16.,   2.,   8.],
         [  2.,  -6.,   0.],
         [  2.,   4., -16.]],

        [[ 18., -12.,  -4.],
         [  0.,  16.,   2.],
         [ -6.,  16.,  -2.]],

        [[ 18.,  28.,  36.],
         [ -2.,   4.,   6.],
         [-22.,  -4.,   6.]]], device='cuda:0')
tensor([[[ 12.,   6.,  28.],
         [ -6.,  28.,  -4.],
         [ 38.,   6.,  -2.]],

        [[ 20., -24.,   2.],
         [-12.,   8.,  -6.],
         [ 10.,  10.,  16.]],

        [[ 10.,  36.,  18.],
         [ 26.,  32.,  32.],
         [ 38.,  42.,  36.]],

        ...,

        [[-20., -18., -14.],
         [ -6., -14.,  16.],
         [-14., -12., -34.]],

        [[  2.,   0.,   2.],
         [ 10.,  30.,   6.],
         [-16.,   8.,   6.]],

        [[-14.,  10., -14.],
         [ 12.,  12., -14.],
         [ 26.,  -4.,  14.]]], device='cuda:0')
tensor([[[-82., -50., -48.],
         [ 24.,  -6.,  24.],
         [ -4.,   2.,  40.]],

        [[ -6.,  -8.,  12.],
         [ 40.,  38.,  52.],
         [ 24., -18.,  14.]],

        [[-30., -28., -76.],
         [ 52.,  18.,   4.],
         [ 22.,  -6., -10.]],

        ...,

        [[ 58.,  24.,   8.],
         [  2., -14., -26.],
         [ 24., -42., -16.]],

        [[-56.,  -2., -30.],
         [-32., -38.,  -6.],
         [  8.,  26.,  24.]],

        [[-14.,   0.,   8.],
         [  4.,  12.,  -2.],
         [ 16.,  20.,  24.]]], device='cuda:0')
tensor([[[-12.,   0., -16.],
         [ 30.,   4.,   0.],
         [  2.,   6.,  -6.]],

        [[ 12.,  22.,  34.],
         [-30., -36., -32.],
         [-50.,  -6., -52.]],

        [[ 16.,  26.,  32.],
         [  0.,  16.,  26.],
         [ -8.,  -4.,  20.]],

        ...,

        [[ -6., -20., -18.],
         [ 10.,  -8.,   0.],
         [ 10., -10., -16.]],

        [[ 22.,  20.,  30.],
         [ 22.,  -8.,  34.],
         [ 50., -10.,  32.]],

        [[  4.,  38.,   4.],
         [ 12.,  38.,  38.],
         [  8.,  30.,   8.]]], device='cuda:0')
tensor([[[  24.,  -34.,   88.],
         [ 100.,  -26.,  100.],
         [  40.,   12.,   80.]],

        [[  36.,   -6.,   34.],
         [ -16.,  -84.,  -54.],
         [ 134.,   58.,   80.]],

        [[-182.,   10., -192.],
         [ -50.,  124., -106.],
         [ -96.,   18., -200.]],

        ...,

        [[ -38.,   32.,   74.],
         [ -20.,  -34.,   22.],
         [ -76.,  -44.,  -14.]],

        [[ -16.,   20.,  -42.],
         [ -68.,   24.,  -94.],
         [ -70.,  -54., -166.]],

        [[   6., -124.,   30.],
         [  88.,  -90.,  102.],
         [  24.,  -72.,   96.]]], device='cuda:0')
tensor([ 6., -6., 30.,  ...,  6., 22., -4.], device='cuda:0')
tensor([ 10., -10., -10.,  ...,  -8.,  -4.,  -2.], device='cuda:0')
-
+
tensor([[[ -8., -16., -10.],
         [  0., -24.,   6.],
         [ 14., -14.,  -8.]],

        [[ 18.,  -2.,  -4.],
         [ -8.,   0.,   6.],
         [ -4.,   8.,  -6.]],

        [[ 18.,   6., -10.],
         [  8., -10.,  20.],
         [ -8.,  -2.,   8.]]], device='cuda:0')
tensor([[[  8.,   6., -22.],
         [  4.,  -2.,  -4.],
         [-14.,  -2.,  -4.]],

        [[-16., -12., -12.],
         [ -4.,  12.,   8.],
         [ 12.,  -2., -12.]],

        [[ -2., -26., -30.],
         [  8.,   6.,   8.],
         [  6.,   4.,   4.]],

        ...,

        [[-16.,   2.,   8.],
         [  2.,  -6.,   0.],
         [  2.,   4., -16.]],

        [[ 18., -12.,  -4.],
         [  0.,  16.,   2.],
         [ -6.,  16.,  -2.]],

        [[ 18.,  28.,  36.],
         [ -2.,   4.,   6.],
         [-22.,  -4.,   6.]]], device='cuda:0')
tensor([[[ 12.,   6.,  28.],
         [ -6.,  28.,  -4.],
         [ 38.,   6.,  -2.]],

        [[ 20., -24.,   2.],
         [-12.,   8.,  -6.],
         [ 10.,  10.,  16.]],

        [[ 10.,  36.,  18.],
         [ 26.,  32.,  32.],
         [ 38.,  42.,  36.]],

        ...,

        [[-20., -18., -14.],
         [ -6., -14.,  16.],
         [-14., -12., -34.]],

        [[  2.,   0.,   2.],
         [ 10.,  30.,   6.],
         [-16.,   8.,   6.]],

        [[-14.,  10., -14.],
         [ 12.,  12., -14.],
         [ 26.,  -4.,  14.]]], device='cuda:0')
tensor([[[-82., -50., -48.],
         [ 24.,  -6.,  24.],
         [ -4.,   2.,  40.]],

        [[ -6.,  -8.,  12.],
         [ 40.,  38.,  52.],
         [ 24., -18.,  14.]],

        [[-30., -28., -76.],
         [ 52.,  18.,   4.],
         [ 22.,  -6., -10.]],

        ...,

        [[ 58.,  24.,   8.],
         [  2., -14., -26.],
         [ 24., -42., -16.]],

        [[-56.,  -2., -30.],
         [-32., -38.,  -6.],
         [  8.,  26.,  24.]],

        [[-14.,   0.,   8.],
         [  4.,  12.,  -2.],
         [ 16.,  20.,  24.]]], device='cuda:0')
tensor([[[-12.,   0., -16.],
         [ 30.,   4.,   0.],
         [  2.,   6.,  -6.]],

        [[ 12.,  22.,  34.],
         [-30., -36., -32.],
         [-50.,  -6., -52.]],

        [[ 16.,  26.,  32.],
         [  0.,  16.,  26.],
         [ -8.,  -4.,  20.]],

        ...,

        [[ -6., -20., -18.],
         [ 10.,  -8.,   0.],
         [ 10., -10., -16.]],

        [[ 22.,  20.,  30.],
         [ 22.,  -8.,  34.],
         [ 50., -10.,  32.]],

        [[  4.,  38.,   4.],
         [ 12.,  38.,  38.],
         [  8.,  30.,   8.]]], device='cuda:0')
tensor([[[  24.,  -34.,   88.],
         [ 100.,  -26.,  100.],
         [  40.,   12.,   80.]],

        [[  36.,   -6.,   34.],
         [ -16.,  -84.,  -54.],
         [ 134.,   58.,   80.]],

        [[-182.,   10., -192.],
         [ -50.,  124., -106.],
         [ -96.,   18., -200.]],

        ...,

        [[ -38.,   32.,   74.],
         [ -20.,  -34.,   22.],
         [ -76.,  -44.,  -14.]],

        [[ -16.,   20.,  -42.],
         [ -68.,   24.,  -94.],
         [ -70.,  -54., -166.]],

        [[   6., -124.,   30.],
         [  88.,  -90.,  102.],
         [  24.,  -72.,   96.]]], device='cuda:0')
tensor([ 6., -6., 30.,  ...,  6., 22., -4.], device='cuda:0')
tensor([ 10., -10., -10.,  ...,  -8.,  -4.,  -2.], device='cuda:0')
-
+
tensor([[[ -8., -16., -10.],
         [  0., -24.,   6.],
         [ 14., -14.,  -8.]],

        [[ 18.,  -2.,  -4.],
         [ -8.,   0.,   6.],
         [ -4.,   8.,  -6.]],

        [[ 18.,   6., -10.],
         [  8., -10.,  20.],
         [ -8.,  -2.,   8.]]], device='cuda:0')
tensor([[[  8.,   6., -22.],
         [  4.,  -2.,  -4.],
         [-14.,  -2.,  -4.]],

        [[-16., -12., -12.],
         [ -4.,  12.,   8.],
         [ 12.,  -2., -12.]],

        [[ -2., -26., -30.],
         [  8.,   6.,   8.],
         [  6.,   4.,   4.]],

        ...,

        [[-16.,   2.,   8.],
         [  2.,  -6.,   0.],
         [  2.,   4., -16.]],

        [[ 18., -12.,  -4.],
         [  0.,  16.,   2.],
         [ -6.,  16.,  -2.]],

        [[ 18.,  28.,  36.],
         [ -2.,   4.,   6.],
         [-22.,  -4.,   6.]]], device='cuda:0')
tensor([[[ 12.,   6.,  28.],
         [ -6.,  28.,  -4.],
         [ 38.,   6.,  -2.]],

        [[ 20., -24.,   2.],
         [-12.,   8.,  -6.],
         [ 10.,  10.,  16.]],

        [[ 10.,  36.,  18.],
         [ 26.,  32.,  32.],
         [ 38.,  42.,  36.]],

        ...,

        [[-20., -18., -14.],
         [ -6., -14.,  16.],
         [-14., -12., -34.]],

        [[  2.,   0.,   2.],
         [ 10.,  30.,   6.],
         [-16.,   8.,   6.]],

        [[-14.,  10., -14.],
         [ 12.,  12., -14.],
         [ 26.,  -4.,  14.]]], device='cuda:0')
tensor([[[-82., -50., -48.],
         [ 24.,  -6.,  24.],
         [ -4.,   2.,  40.]],

        [[ -6.,  -8.,  12.],
         [ 40.,  38.,  52.],
         [ 24., -18.,  14.]],

        [[-30., -28., -76.],
         [ 52.,  18.,   4.],
         [ 22.,  -6., -10.]],

        ...,

        [[ 58.,  24.,   8.],
         [  2., -14., -26.],
         [ 24., -42., -16.]],

        [[-56.,  -2., -30.],
         [-32., -38.,  -6.],
         [  8.,  26.,  24.]],

        [[-14.,   0.,   8.],
         [  4.,  12.,  -2.],
         [ 16.,  20.,  24.]]], device='cuda:0')
tensor([[[-12.,   0., -16.],
         [ 30.,   4.,   0.],
         [  2.,   6.,  -6.]],

        [[ 12.,  22.,  34.],
         [-30., -36., -32.],
         [-50.,  -6., -52.]],

        [[ 16.,  26.,  32.],
         [  0.,  16.,  26.],
         [ -8.,  -4.,  20.]],

        ...,

        [[ -6., -20., -18.],
         [ 10.,  -8.,   0.],
         [ 10., -10., -16.]],

        [[ 22.,  20.,  30.],
         [ 22.,  -8.,  34.],
         [ 50., -10.,  32.]],

        [[  4.,  38.,   4.],
         [ 12.,  38.,  38.],
         [  8.,  30.,   8.]]], device='cuda:0')
tensor([[[  24.,  -34.,   88.],
         [ 100.,  -26.,  100.],
         [  40.,   12.,   80.]],

        [[  36.,   -6.,   34.],
         [ -16.,  -84.,  -54.],
         [ 134.,   58.,   80.]],

        [[-182.,   10., -192.],
         [ -50.,  124., -106.],
         [ -96.,   18., -200.]],

        ...,

        [[ -38.,   32.,   74.],
         [ -20.,  -34.,   22.],
         [ -76.,  -44.,  -14.]],

        [[ -16.,   20.,  -42.],
         [ -68.,   24.,  -94.],
         [ -70.,  -54., -166.]],

        [[   6., -124.,   30.],
         [  88.,  -90.,  102.],
         [  24.,  -72.,   96.]]], device='cuda:0')
tensor([ 6., -6., 30.,  ...,  6., 22., -4.], device='cuda:0')
tensor([ 10., -10., -10.,  ...,  -8.,  -4.,  -2.], device='cuda:0')
-
+
tensor([[[ -8., -16., -10.],
         [  0., -24.,   6.],
         [ 14., -14.,  -8.]],

        [[ 18.,  -2.,  -4.],
         [ -8.,   0.,   6.],
         [ -4.,   8.,  -6.]],

        [[ 18.,   6., -10.],
         [  8., -10.,  20.],
         [ -8.,  -2.,   8.]]], device='cuda:0')
tensor([[[  8.,   6., -22.],
         [  4.,  -2.,  -4.],
         [-14.,  -2.,  -4.]],

        [[-16., -12., -12.],
         [ -4.,  12.,   8.],
         [ 12.,  -2., -12.]],

        [[ -2., -26., -30.],
         [  8.,   6.,   8.],
         [  6.,   4.,   4.]],

        ...,

        [[-16.,   2.,   8.],
         [  2.,  -6.,   0.],
         [  2.,   4., -16.]],

        [[ 18., -12.,  -4.],
         [  0.,  16.,   2.],
         [ -6.,  16.,  -2.]],

        [[ 18.,  28.,  36.],
         [ -2.,   4.,   6.],
         [-22.,  -4.,   6.]]], device='cuda:0')
tensor([[[ 12.,   6.,  28.],
         [ -6.,  28.,  -4.],
         [ 38.,   6.,  -2.]],

        [[ 20., -24.,   2.],
         [-12.,   8.,  -6.],
         [ 10.,  10.,  16.]],

        [[ 10.,  36.,  18.],
         [ 26.,  32.,  32.],
         [ 38.,  42.,  36.]],

        ...,

        [[-20., -18., -14.],
         [ -6., -14.,  16.],
         [-14., -12., -34.]],

        [[  2.,   0.,   2.],
         [ 10.,  30.,   6.],
         [-16.,   8.,   6.]],

        [[-14.,  10., -14.],
         [ 12.,  12., -14.],
         [ 26.,  -4.,  14.]]], device='cuda:0')
tensor([[[-82., -50., -48.],
         [ 24.,  -6.,  24.],
         [ -4.,   2.,  40.]],

        [[ -6.,  -8.,  12.],
         [ 40.,  38.,  52.],
         [ 24., -18.,  14.]],

        [[-30., -28., -76.],
         [ 52.,  18.,   4.],
         [ 22.,  -6., -10.]],

        ...,

        [[ 58.,  24.,   8.],
         [  2., -14., -26.],
         [ 24., -42., -16.]],

        [[-56.,  -2., -30.],
         [-32., -38.,  -6.],
         [  8.,  26.,  24.]],

        [[-14.,   0.,   8.],
         [  4.,  12.,  -2.],
         [ 16.,  20.,  24.]]], device='cuda:0')
tensor([[[-12.,   0., -16.],
         [ 30.,   4.,   0.],
         [  2.,   6.,  -6.]],

        [[ 12.,  22.,  34.],
         [-30., -36., -32.],
         [-50.,  -6., -52.]],

        [[ 16.,  26.,  32.],
         [  0.,  16.,  26.],
         [ -8.,  -4.,  20.]],

        ...,

        [[ -6., -20., -18.],
         [ 10.,  -8.,   0.],
         [ 10., -10., -16.]],

        [[ 22.,  20.,  30.],
         [ 22.,  -8.,  34.],
         [ 50., -10.,  32.]],

        [[  4.,  38.,   4.],
         [ 12.,  38.,  38.],
         [  8.,  30.,   8.]]], device='cuda:0')
tensor([[[  24.,  -34.,   88.],
         [ 100.,  -26.,  100.],
         [  40.,   12.,   80.]],

        [[  36.,   -6.,   34.],
         [ -16.,  -84.,  -54.],
         [ 134.,   58.,   80.]],

        [[-182.,   10., -192.],
         [ -50.,  124., -106.],
         [ -96.,   18., -200.]],

        ...,

        [[ -38.,   32.,   74.],
         [ -20.,  -34.,   22.],
         [ -76.,  -44.,  -14.]],

        [[ -16.,   20.,  -42.],
         [ -68.,   24.,  -94.],
         [ -70.,  -54., -166.]],

        [[   6., -124.,   30.],
         [  88.,  -90.,  102.],
         [  24.,  -72.,   96.]]], device='cuda:0')
tensor([ 6., -6., 30.,  ...,  6., 22., -4.], device='cuda:0')
tensor([ 10., -10., -10.,  ...,  -8.,  -4.,  -2.], device='cuda:0')
-

Accuracy: 22.96%

total_err_shifts:  [0, 0, 0, 0, 0, 0, 0, 10197]
-----------------------------
Inference #1
Error rate:  0.1
+
tensor([[[ -8., -16., -10.],
         [  0., -24.,   6.],
         [ 14., -14.,  -8.]],

        [[ 18.,  -2.,  -4.],
         [ -8.,   0.,   6.],
         [ -4.,   8.,  -6.]],

        [[ 18.,   6., -10.],
         [  8., -10.,  20.],
         [ -8.,  -2.,   8.]]], device='cuda:0')
tensor([[[  8.,   6., -22.],
         [  4.,  -2.,  -4.],
         [-14.,  -2.,  -4.]],

        [[-16., -12., -12.],
         [ -4.,  12.,   8.],
         [ 12.,  -2., -12.]],

        [[ -2., -26., -30.],
         [  8.,   6.,   8.],
         [  6.,   4.,   4.]],

        ...,

        [[-16.,   2.,   8.],
         [  2.,  -6.,   0.],
         [  2.,   4., -16.]],

        [[ 18., -12.,  -4.],
         [  0.,  16.,   2.],
         [ -6.,  16.,  -2.]],

        [[ 18.,  28.,  36.],
         [ -2.,   4.,   6.],
         [-22.,  -4.,   6.]]], device='cuda:0')
tensor([[[ 12.,   6.,  28.],
         [ -6.,  28.,  -4.],
         [ 38.,   6.,  -2.]],

        [[ 20., -24.,   2.],
         [-12.,   8.,  -6.],
         [ 10.,  10.,  16.]],

        [[ 10.,  36.,  18.],
         [ 26.,  32.,  32.],
         [ 38.,  42.,  36.]],

        ...,

        [[-20., -18., -14.],
         [ -6., -14.,  16.],
         [-14., -12., -34.]],

        [[  2.,   0.,   2.],
         [ 10.,  30.,   6.],
         [-16.,   8.,   6.]],

        [[-14.,  10., -14.],
         [ 12.,  12., -14.],
         [ 26.,  -4.,  14.]]], device='cuda:0')
tensor([[[-82., -50., -48.],
         [ 24.,  -6.,  24.],
         [ -4.,   2.,  40.]],

        [[ -6.,  -8.,  12.],
         [ 40.,  38.,  52.],
         [ 24., -18.,  14.]],

        [[-30., -28., -76.],
         [ 52.,  18.,   4.],
         [ 22.,  -6., -10.]],

        ...,

        [[ 58.,  24.,   8.],
         [  2., -14., -26.],
         [ 24., -42., -16.]],

        [[-56.,  -2., -30.],
         [-32., -38.,  -6.],
         [  8.,  26.,  24.]],

        [[-14.,   0.,   8.],
         [  4.,  12.,  -2.],
         [ 16.,  20.,  24.]]], device='cuda:0')
tensor([[[-12.,   0., -16.],
         [ 30.,   4.,   0.],
         [  2.,   6.,  -6.]],

        [[ 12.,  22.,  34.],
         [-30., -36., -32.],
         [-50.,  -6., -52.]],

        [[ 16.,  26.,  32.],
         [  0.,  16.,  26.],
         [ -8.,  -4.,  20.]],

        ...,

        [[ -6., -20., -18.],
         [ 10.,  -8.,   0.],
         [ 10., -10., -16.]],

        [[ 22.,  20.,  30.],
         [ 22.,  -8.,  34.],
         [ 50., -10.,  32.]],

        [[  4.,  38.,   4.],
         [ 12.,  38.,  38.],
         [  8.,  30.,   8.]]], device='cuda:0')
tensor([[[  24.,  -34.,   88.],
         [ 100.,  -26.,  100.],
         [  40.,   12.,   80.]],

        [[  36.,   -6.,   34.],
         [ -16.,  -84.,  -54.],
         [ 134.,   58.,   80.]],

        [[-182.,   10., -192.],
         [ -50.,  124., -106.],
         [ -96.,   18., -200.]],

        ...,

        [[ -38.,   32.,   74.],
         [ -20.,  -34.,   22.],
         [ -76.,  -44.,  -14.]],

        [[ -16.,   20.,  -42.],
         [ -68.,   24.,  -94.],
         [ -70.,  -54., -166.]],

        [[   6., -124.,   30.],
         [  88.,  -90.,  102.],
         [  24.,  -72.,   96.]]], device='cuda:0')
tensor([ 6., -6., 30.,  ...,  6., 22., -4.], device='cuda:0')
tensor([ 10., -10., -10.,  ...,  -8.,  -4.,  -2.], device='cuda:0')
-
+
tensor([[[ -8., -16., -10.],
         [  0., -24.,   6.],
         [ 14., -14.,  -8.]],

        [[ 18.,  -2.,  -4.],
         [ -8.,   0.,   6.],
         [ -4.,   8.,  -6.]],

        [[ 18.,   6., -10.],
         [  8., -10.,  20.],
         [ -8.,  -2.,   8.]]], device='cuda:0')
tensor([[[  8.,   6., -22.],
         [  4.,  -2.,  -4.],
         [-14.,  -2.,  -4.]],

        [[-16., -12., -12.],
         [ -4.,  12.,   8.],
         [ 12.,  -2., -12.]],

        [[ -2., -26., -30.],
         [  8.,   6.,   8.],
         [  6.,   4.,   4.]],

        ...,

        [[-16.,   2.,   8.],
         [  2.,  -6.,   0.],
         [  2.,   4., -16.]],

        [[ 18., -12.,  -4.],
         [  0.,  16.,   2.],
         [ -6.,  16.,  -2.]],

        [[ 18.,  28.,  36.],
         [ -2.,   4.,   6.],
         [-22.,  -4.,   6.]]], device='cuda:0')
tensor([[[ 12.,   6.,  28.],
         [ -6.,  28.,  -4.],
         [ 38.,   6.,  -2.]],

        [[ 20., -24.,   2.],
         [-12.,   8.,  -6.],
         [ 10.,  10.,  16.]],

        [[ 10.,  36.,  18.],
         [ 26.,  32.,  32.],
         [ 38.,  42.,  36.]],

        ...,

        [[-20., -18., -14.],
         [ -6., -14.,  16.],
         [-14., -12., -34.]],

        [[  2.,   0.,   2.],
         [ 10.,  30.,   6.],
         [-16.,   8.,   6.]],

        [[-14.,  10., -14.],
         [ 12.,  12., -14.],
         [ 26.,  -4.,  14.]]], device='cuda:0')
tensor([[[-82., -50., -48.],
         [ 24.,  -6.,  24.],
         [ -4.,   2.,  40.]],

        [[ -6.,  -8.,  12.],
         [ 40.,  38.,  52.],
         [ 24., -18.,  14.]],

        [[-30., -28., -76.],
         [ 52.,  18.,   4.],
         [ 22.,  -6., -10.]],

        ...,

        [[ 58.,  24.,   8.],
         [  2., -14., -26.],
         [ 24., -42., -16.]],

        [[-56.,  -2., -30.],
         [-32., -38.,  -6.],
         [  8.,  26.,  24.]],

        [[-14.,   0.,   8.],
         [  4.,  12.,  -2.],
         [ 16.,  20.,  24.]]], device='cuda:0')
tensor([[[-12.,   0., -16.],
         [ 30.,   4.,   0.],
         [  2.,   6.,  -6.]],

        [[ 12.,  22.,  34.],
         [-30., -36., -32.],
         [-50.,  -6., -52.]],

        [[ 16.,  26.,  32.],
         [  0.,  16.,  26.],
         [ -8.,  -4.,  20.]],

        ...,

        [[ -6., -20., -18.],
         [ 10.,  -8.,   0.],
         [ 10., -10., -16.]],

        [[ 22.,  20.,  30.],
         [ 22.,  -8.,  34.],
         [ 50., -10.,  32.]],

        [[  4.,  38.,   4.],
         [ 12.,  38.,  38.],
         [  8.,  30.,   8.]]], device='cuda:0')
tensor([[[  24.,  -34.,   88.],
         [ 100.,  -26.,  100.],
         [  40.,   12.,   80.]],

        [[  36.,   -6.,   34.],
         [ -16.,  -84.,  -54.],
         [ 134.,   58.,   80.]],

        [[-182.,   10., -192.],
         [ -50.,  124., -106.],
         [ -96.,   18., -200.]],

        ...,

        [[ -38.,   32.,   74.],
         [ -20.,  -34.,   22.],
         [ -76.,  -44.,  -14.]],

        [[ -16.,   20.,  -42.],
         [ -68.,   24.,  -94.],
         [ -70.,  -54., -166.]],

        [[   6., -124.,   30.],
         [  88.,  -90.,  102.],
         [  24.,  -72.,   96.]]], device='cuda:0')
tensor([ 6., -6., 30.,  ...,  6., 22., -4.], device='cuda:0')
tensor([ 10., -10., -10.,  ...,  -8.,  -4.,  -2.], device='cuda:0')
-
+
tensor([[[ -8., -16., -10.],
         [  0., -24.,   6.],
         [ 14., -14.,  -8.]],

        [[ 18.,  -2.,  -4.],
         [ -8.,   0.,   6.],
         [ -4.,   8.,  -6.]],

        [[ 18.,   6., -10.],
         [  8., -10.,  20.],
         [ -8.,  -2.,   8.]]], device='cuda:0')
tensor([[[  8.,   6., -22.],
         [  4.,  -2.,  -4.],
         [-14.,  -2.,  -4.]],

        [[-16., -12., -12.],
         [ -4.,  12.,   8.],
         [ 12.,  -2., -12.]],

        [[ -2., -26., -30.],
         [  8.,   6.,   8.],
         [  6.,   4.,   4.]],

        ...,

        [[-16.,   2.,   8.],
         [  2.,  -6.,   0.],
         [  2.,   4., -16.]],

        [[ 18., -12.,  -4.],
         [  0.,  16.,   2.],
         [ -6.,  16.,  -2.]],

        [[ 18.,  28.,  36.],
         [ -2.,   4.,   6.],
         [-22.,  -4.,   6.]]], device='cuda:0')
tensor([[[ 12.,   6.,  28.],
         [ -6.,  28.,  -4.],
         [ 38.,   6.,  -2.]],

        [[ 20., -24.,   2.],
         [-12.,   8.,  -6.],
         [ 10.,  10.,  16.]],

        [[ 10.,  36.,  18.],
         [ 26.,  32.,  32.],
         [ 38.,  42.,  36.]],

        ...,

        [[-20., -18., -14.],
         [ -6., -14.,  16.],
         [-14., -12., -34.]],

        [[  2.,   0.,   2.],
         [ 10.,  30.,   6.],
         [-16.,   8.,   6.]],

        [[-14.,  10., -14.],
         [ 12.,  12., -14.],
         [ 26.,  -4.,  14.]]], device='cuda:0')
tensor([[[-82., -50., -48.],
         [ 24.,  -6.,  24.],
         [ -4.,   2.,  40.]],

        [[ -6.,  -8.,  12.],
         [ 40.,  38.,  52.],
         [ 24., -18.,  14.]],

        [[-30., -28., -76.],
         [ 52.,  18.,   4.],
         [ 22.,  -6., -10.]],

        ...,

        [[ 58.,  24.,   8.],
         [  2., -14., -26.],
         [ 24., -42., -16.]],

        [[-56.,  -2., -30.],
         [-32., -38.,  -6.],
         [  8.,  26.,  24.]],

        [[-14.,   0.,   8.],
         [  4.,  12.,  -2.],
         [ 16.,  20.,  24.]]], device='cuda:0')
tensor([[[-12.,   0., -16.],
         [ 30.,   4.,   0.],
         [  2.,   6.,  -6.]],

        [[ 12.,  22.,  34.],
         [-30., -36., -32.],
         [-50.,  -6., -52.]],

        [[ 16.,  26.,  32.],
         [  0.,  16.,  26.],
         [ -8.,  -4.,  20.]],

        ...,

        [[ -6., -20., -18.],
         [ 10.,  -8.,   0.],
         [ 10., -10., -16.]],

        [[ 22.,  20.,  30.],
         [ 22.,  -8.,  34.],
         [ 50., -10.,  32.]],

        [[  4.,  38.,   4.],
         [ 12.,  38.,  38.],
         [  8.,  30.,   8.]]], device='cuda:0')
tensor([[[  24.,  -34.,   88.],
         [ 100.,  -26.,  100.],
         [  40.,   12.,   80.]],

        [[  36.,   -6.,   34.],
         [ -16.,  -84.,  -54.],
         [ 134.,   58.,   80.]],

        [[-182.,   10., -192.],
         [ -50.,  124., -106.],
         [ -96.,   18., -200.]],

        ...,

        [[ -38.,   32.,   74.],
         [ -20.,  -34.,   22.],
         [ -76.,  -44.,  -14.]],

        [[ -16.,   20.,  -42.],
         [ -68.,   24.,  -94.],
         [ -70.,  -54., -166.]],

        [[   6., -124.,   30.],
         [  88.,  -90.,  102.],
         [  24.,  -72.,   96.]]], device='cuda:0')
tensor([ 6., -6., 30.,  ...,  6., 22., -4.], device='cuda:0')
tensor([ 10., -10., -10.,  ...,  -8.,  -4.,  -2.], device='cuda:0')
-
+
tensor([[[ -8., -16., -10.],
         [  0., -24.,   6.],
         [ 14., -14.,  -8.]],

        [[ 18.,  -2.,  -4.],
         [ -8.,   0.,   6.],
         [ -4.,   8.,  -6.]],

        [[ 18.,   6., -10.],
         [  8., -10.,  20.],
         [ -8.,  -2.,   8.]]], device='cuda:0')
tensor([[[  8.,   6., -22.],
         [  4.,  -2.,  -4.],
         [-14.,  -2.,  -4.]],

        [[-16., -12., -12.],
         [ -4.,  12.,   8.],
         [ 12.,  -2., -12.]],

        [[ -2., -26., -30.],
         [  8.,   6.,   8.],
         [  6.,   4.,   4.]],

        ...,

        [[-16.,   2.,   8.],
         [  2.,  -6.,   0.],
         [  2.,   4., -16.]],

        [[ 18., -12.,  -4.],
         [  0.,  16.,   2.],
         [ -6.,  16.,  -2.]],

        [[ 18.,  28.,  36.],
         [ -2.,   4.,   6.],
         [-22.,  -4.,   6.]]], device='cuda:0')
tensor([[[ 12.,   6.,  28.],
         [ -6.,  28.,  -4.],
         [ 38.,   6.,  -2.]],

        [[ 20., -24.,   2.],
         [-12.,   8.,  -6.],
         [ 10.,  10.,  16.]],

        [[ 10.,  36.,  18.],
         [ 26.,  32.,  32.],
         [ 38.,  42.,  36.]],

        ...,

        [[-20., -18., -14.],
         [ -6., -14.,  16.],
         [-14., -12., -34.]],

        [[  2.,   0.,   2.],
         [ 10.,  30.,   6.],
         [-16.,   8.,   6.]],

        [[-14.,  10., -14.],
         [ 12.,  12., -14.],
         [ 26.,  -4.,  14.]]], device='cuda:0')
tensor([[[-82., -50., -48.],
         [ 24.,  -6.,  24.],
         [ -4.,   2.,  40.]],

        [[ -6.,  -8.,  12.],
         [ 40.,  38.,  52.],
         [ 24., -18.,  14.]],

        [[-30., -28., -76.],
         [ 52.,  18.,   4.],
         [ 22.,  -6., -10.]],

        ...,

        [[ 58.,  24.,   8.],
         [  2., -14., -26.],
         [ 24., -42., -16.]],

        [[-56.,  -2., -30.],
         [-32., -38.,  -6.],
         [  8.,  26.,  24.]],

        [[-14.,   0.,   8.],
         [  4.,  12.,  -2.],
         [ 16.,  20.,  24.]]], device='cuda:0')
tensor([[[-12.,   0., -16.],
         [ 30.,   4.,   0.],
         [  2.,   6.,  -6.]],

        [[ 12.,  22.,  34.],
         [-30., -36., -32.],
         [-50.,  -6., -52.]],

        [[ 16.,  26.,  32.],
         [  0.,  16.,  26.],
         [ -8.,  -4.,  20.]],

        ...,

        [[ -6., -20., -18.],
         [ 10.,  -8.,   0.],
         [ 10., -10., -16.]],

        [[ 22.,  20.,  30.],
         [ 22.,  -8.,  34.],
         [ 50., -10.,  32.]],

        [[  4.,  38.,   4.],
         [ 12.,  38.,  38.],
         [  8.,  30.,   8.]]], device='cuda:0')
tensor([[[  24.,  -34.,   88.],
         [ 100.,  -26.,  100.],
         [  40.,   12.,   80.]],

        [[  36.,   -6.,   34.],
         [ -16.,  -84.,  -54.],
         [ 134.,   58.,   80.]],

        [[-182.,   10., -192.],
         [ -50.,  124., -106.],
         [ -96.,   18., -200.]],

        ...,

        [[ -38.,   32.,   74.],
         [ -20.,  -34.,   22.],
         [ -76.,  -44.,  -14.]],

        [[ -16.,   20.,  -42.],
         [ -68.,   24.,  -94.],
         [ -70.,  -54., -166.]],

        [[   6., -124.,   30.],
         [  88.,  -90.,  102.],
         [  24.,  -72.,   96.]]], device='cuda:0')
tensor([ 6., -6., 30.,  ...,  6., 22., -4.], device='cuda:0')
tensor([ 10., -10., -10.,  ...,  -8.,  -4.,  -2.], device='cuda:0')
-
+
tensor([[[ -8., -16., -10.],
         [  0., -24.,   6.],
         [ 14., -14.,  -8.]],

        [[ 18.,  -2.,  -4.],
         [ -8.,   0.,   6.],
         [ -4.,   8.,  -6.]],

        [[ 18.,   6., -10.],
         [  8., -10.,  20.],
         [ -8.,  -2.,   8.]]], device='cuda:0')
tensor([[[  8.,   6., -22.],
         [  4.,  -2.,  -4.],
         [-14.,  -2.,  -4.]],

        [[-16., -12., -12.],
         [ -4.,  12.,   8.],
         [ 12.,  -2., -12.]],

        [[ -2., -26., -30.],
         [  8.,   6.,   8.],
         [  6.,   4.,   4.]],

        ...,

        [[-16.,   2.,   8.],
         [  2.,  -6.,   0.],
         [  2.,   4., -16.]],

        [[ 18., -12.,  -4.],
         [  0.,  16.,   2.],
         [ -6.,  16.,  -2.]],

        [[ 18.,  28.,  36.],
         [ -2.,   4.,   6.],
         [-22.,  -4.,   6.]]], device='cuda:0')
tensor([[[ 12.,   6.,  28.],
         [ -6.,  28.,  -4.],
         [ 38.,   6.,  -2.]],

        [[ 20., -24.,   2.],
         [-12.,   8.,  -6.],
         [ 10.,  10.,  16.]],

        [[ 10.,  36.,  18.],
         [ 26.,  32.,  32.],
         [ 38.,  42.,  36.]],

        ...,

        [[-20., -18., -14.],
         [ -6., -14.,  16.],
         [-14., -12., -34.]],

        [[  2.,   0.,   2.],
         [ 10.,  30.,   6.],
         [-16.,   8.,   6.]],

        [[-14.,  10., -14.],
         [ 12.,  12., -14.],
         [ 26.,  -4.,  14.]]], device='cuda:0')
tensor([[[-82., -50., -48.],
         [ 24.,  -6.,  24.],
         [ -4.,   2.,  40.]],

        [[ -6.,  -8.,  12.],
         [ 40.,  38.,  52.],
         [ 24., -18.,  14.]],

        [[-30., -28., -76.],
         [ 52.,  18.,   4.],
         [ 22.,  -6., -10.]],

        ...,

        [[ 58.,  24.,   8.],
         [  2., -14., -26.],
         [ 24., -42., -16.]],

        [[-56.,  -2., -30.],
         [-32., -38.,  -6.],
         [  8.,  26.,  24.]],

        [[-14.,   0.,   8.],
         [  4.,  12.,  -2.],
         [ 16.,  20.,  24.]]], device='cuda:0')
tensor([[[-12.,   0., -16.],
         [ 30.,   4.,   0.],
         [  2.,   6.,  -6.]],

        [[ 12.,  22.,  34.],
         [-30., -36., -32.],
         [-50.,  -6., -52.]],

        [[ 16.,  26.,  32.],
         [  0.,  16.,  26.],
         [ -8.,  -4.,  20.]],

        ...,

        [[ -6., -20., -18.],
         [ 10.,  -8.,   0.],
         [ 10., -10., -16.]],

        [[ 22.,  20.,  30.],
         [ 22.,  -8.,  34.],
         [ 50., -10.,  32.]],

        [[  4.,  38.,   4.],
         [ 12.,  38.,  38.],
         [  8.,  30.,   8.]]], device='cuda:0')
tensor([[[  24.,  -34.,   88.],
         [ 100.,  -26.,  100.],
         [  40.,   12.,   80.]],

        [[  36.,   -6.,   34.],
         [ -16.,  -84.,  -54.],
         [ 134.,   58.,   80.]],

        [[-182.,   10., -192.],
         [ -50.,  124., -106.],
         [ -96.,   18., -200.]],

        ...,

        [[ -38.,   32.,   74.],
         [ -20.,  -34.,   22.],
         [ -76.,  -44.,  -14.]],

        [[ -16.,   20.,  -42.],
         [ -68.,   24.,  -94.],
         [ -70.,  -54., -166.]],

        [[   6., -124.,   30.],
         [  88.,  -90.,  102.],
         [  24.,  -72.,   96.]]], device='cuda:0')
tensor([ 6., -6., 30.,  ...,  6., 22., -4.], device='cuda:0')
tensor([ 10., -10., -10.,  ...,  -8.,  -4.,  -2.], device='cuda:0')
-
+
tensor([[[ -8., -16., -10.],
         [  0., -24.,   6.],
         [ 14., -14.,  -8.]],

        [[ 18.,  -2.,  -4.],
         [ -8.,   0.,   6.],
         [ -4.,   8.,  -6.]],

        [[ 18.,   6., -10.],
         [  8., -10.,  20.],
         [ -8.,  -2.,   8.]]], device='cuda:0')
tensor([[[  8.,   6., -22.],
         [  4.,  -2.,  -4.],
         [-14.,  -2.,  -4.]],

        [[-16., -12., -12.],
         [ -4.,  12.,   8.],
         [ 12.,  -2., -12.]],

        [[ -2., -26., -30.],
         [  8.,   6.,   8.],
         [  6.,   4.,   4.]],

        ...,

        [[-16.,   2.,   8.],
         [  2.,  -6.,   0.],
         [  2.,   4., -16.]],

        [[ 18., -12.,  -4.],
         [  0.,  16.,   2.],
         [ -6.,  16.,  -2.]],

        [[ 18.,  28.,  36.],
         [ -2.,   4.,   6.],
         [-22.,  -4.,   6.]]], device='cuda:0')
tensor([[[ 12.,   6.,  28.],
         [ -6.,  28.,  -4.],
         [ 38.,   6.,  -2.]],

        [[ 20., -24.,   2.],
         [-12.,   8.,  -6.],
         [ 10.,  10.,  16.]],

        [[ 10.,  36.,  18.],
         [ 26.,  32.,  32.],
         [ 38.,  42.,  36.]],

        ...,

        [[-20., -18., -14.],
         [ -6., -14.,  16.],
         [-14., -12., -34.]],

        [[  2.,   0.,   2.],
         [ 10.,  30.,   6.],
         [-16.,   8.,   6.]],

        [[-14.,  10., -14.],
         [ 12.,  12., -14.],
         [ 26.,  -4.,  14.]]], device='cuda:0')
tensor([[[-82., -50., -48.],
         [ 24.,  -6.,  24.],
         [ -4.,   2.,  40.]],

        [[ -6.,  -8.,  12.],
         [ 40.,  38.,  52.],
         [ 24., -18.,  14.]],

        [[-30., -28., -76.],
         [ 52.,  18.,   4.],
         [ 22.,  -6., -10.]],

        ...,

        [[ 58.,  24.,   8.],
         [  2., -14., -26.],
         [ 24., -42., -16.]],

        [[-56.,  -2., -30.],
         [-32., -38.,  -6.],
         [  8.,  26.,  24.]],

        [[-14.,   0.,   8.],
         [  4.,  12.,  -2.],
         [ 16.,  20.,  24.]]], device='cuda:0')
tensor([[[-12.,   0., -16.],
         [ 30.,   4.,   0.],
         [  2.,   6.,  -6.]],

        [[ 12.,  22.,  34.],
         [-30., -36., -32.],
         [-50.,  -6., -52.]],

        [[ 16.,  26.,  32.],
         [  0.,  16.,  26.],
         [ -8.,  -4.,  20.]],

        ...,

        [[ -6., -20., -18.],
         [ 10.,  -8.,   0.],
         [ 10., -10., -16.]],

        [[ 22.,  20.,  30.],
         [ 22.,  -8.,  34.],
         [ 50., -10.,  32.]],

        [[  4.,  38.,   4.],
         [ 12.,  38.,  38.],
         [  8.,  30.,   8.]]], device='cuda:0')
tensor([[[  24.,  -34.,   88.],
         [ 100.,  -26.,  100.],
         [  40.,   12.,   80.]],

        [[  36.,   -6.,   34.],
         [ -16.,  -84.,  -54.],
         [ 134.,   58.,   80.]],

        [[-182.,   10., -192.],
         [ -50.,  124., -106.],
         [ -96.,   18., -200.]],

        ...,

        [[ -38.,   32.,   74.],
         [ -20.,  -34.,   22.],
         [ -76.,  -44.,  -14.]],

        [[ -16.,   20.,  -42.],
         [ -68.,   24.,  -94.],
         [ -70.,  -54., -166.]],

        [[   6., -124.,   30.],
         [  88.,  -90.,  102.],
         [  24.,  -72.,   96.]]], device='cuda:0')
tensor([ 6., -6., 30.,  ...,  6., 22., -4.], device='cuda:0')
tensor([ 10., -10., -10.,  ...,  -8.,  -4.,  -2.], device='cuda:0')
-
+
tensor([[[ -8., -16., -10.],
         [  0., -24.,   6.],
         [ 14., -14.,  -8.]],

        [[ 18.,  -2.,  -4.],
         [ -8.,   0.,   6.],
         [ -4.,   8.,  -6.]],

        [[ 18.,   6., -10.],
         [  8., -10.,  20.],
         [ -8.,  -2.,   8.]]], device='cuda:0')
tensor([[[  8.,   6., -22.],
         [  4.,  -2.,  -4.],
         [-14.,  -2.,  -4.]],

        [[-16., -12., -12.],
         [ -4.,  12.,   8.],
         [ 12.,  -2., -12.]],

        [[ -2., -26., -30.],
         [  8.,   6.,   8.],
         [  6.,   4.,   4.]],

        ...,

        [[-16.,   2.,   8.],
         [  2.,  -6.,   0.],
         [  2.,   4., -16.]],

        [[ 18., -12.,  -4.],
         [  0.,  16.,   2.],
         [ -6.,  16.,  -2.]],

        [[ 18.,  28.,  36.],
         [ -2.,   4.,   6.],
         [-22.,  -4.,   6.]]], device='cuda:0')
tensor([[[ 12.,   6.,  28.],
         [ -6.,  28.,  -4.],
         [ 38.,   6.,  -2.]],

        [[ 20., -24.,   2.],
         [-12.,   8.,  -6.],
         [ 10.,  10.,  16.]],

        [[ 10.,  36.,  18.],
         [ 26.,  32.,  32.],
         [ 38.,  42.,  36.]],

        ...,

        [[-20., -18., -14.],
         [ -6., -14.,  16.],
         [-14., -12., -34.]],

        [[  2.,   0.,   2.],
         [ 10.,  30.,   6.],
         [-16.,   8.,   6.]],

        [[-14.,  10., -14.],
         [ 12.,  12., -14.],
         [ 26.,  -4.,  14.]]], device='cuda:0')
tensor([[[-82., -50., -48.],
         [ 24.,  -6.,  24.],
         [ -4.,   2.,  40.]],

        [[ -6.,  -8.,  12.],
         [ 40.,  38.,  52.],
         [ 24., -18.,  14.]],

        [[-30., -28., -76.],
         [ 52.,  18.,   4.],
         [ 22.,  -6., -10.]],

        ...,

        [[ 58.,  24.,   8.],
         [  2., -14., -26.],
         [ 24., -42., -16.]],

        [[-56.,  -2., -30.],
         [-32., -38.,  -6.],
         [  8.,  26.,  24.]],

        [[-14.,   0.,   8.],
         [  4.,  12.,  -2.],
         [ 16.,  20.,  24.]]], device='cuda:0')
tensor([[[-12.,   0., -16.],
         [ 30.,   4.,   0.],
         [  2.,   6.,  -6.]],

        [[ 12.,  22.,  34.],
         [-30., -36., -32.],
         [-50.,  -6., -52.]],

        [[ 16.,  26.,  32.],
         [  0.,  16.,  26.],
         [ -8.,  -4.,  20.]],

        ...,

        [[ -6., -20., -18.],
         [ 10.,  -8.,   0.],
         [ 10., -10., -16.]],

        [[ 22.,  20.,  30.],
         [ 22.,  -8.,  34.],
         [ 50., -10.,  32.]],

        [[  4.,  38.,   4.],
         [ 12.,  38.,  38.],
         [  8.,  30.,   8.]]], device='cuda:0')
tensor([[[  24.,  -34.,   88.],
         [ 100.,  -26.,  100.],
         [  40.,   12.,   80.]],

        [[  36.,   -6.,   34.],
         [ -16.,  -84.,  -54.],
         [ 134.,   58.,   80.]],

        [[-182.,   10., -192.],
         [ -50.,  124., -106.],
         [ -96.,   18., -200.]],

        ...,

        [[ -38.,   32.,   74.],
         [ -20.,  -34.,   22.],
         [ -76.,  -44.,  -14.]],

        [[ -16.,   20.,  -42.],
         [ -68.,   24.,  -94.],
         [ -70.,  -54., -166.]],

        [[   6., -124.,   30.],
         [  88.,  -90.,  102.],
         [  24.,  -72.,   96.]]], device='cuda:0')
tensor([ 6., -6., 30.,  ...,  6., 22., -4.], device='cuda:0')
tensor([ 10., -10., -10.,  ...,  -8.,  -4.,  -2.], device='cuda:0')
-
+
tensor([[[ -8., -16., -10.],
         [  0., -24.,   6.],
         [ 14., -14.,  -8.]],

        [[ 18.,  -2.,  -4.],
         [ -8.,   0.,   6.],
         [ -4.,   8.,  -6.]],

        [[ 18.,   6., -10.],
         [  8., -10.,  20.],
         [ -8.,  -2.,   8.]]], device='cuda:0')
tensor([[[  8.,   6., -22.],
         [  4.,  -2.,  -4.],
         [-14.,  -2.,  -4.]],

        [[-16., -12., -12.],
         [ -4.,  12.,   8.],
         [ 12.,  -2., -12.]],

        [[ -2., -26., -30.],
         [  8.,   6.,   8.],
         [  6.,   4.,   4.]],

        ...,

        [[-16.,   2.,   8.],
         [  2.,  -6.,   0.],
         [  2.,   4., -16.]],

        [[ 18., -12.,  -4.],
         [  0.,  16.,   2.],
         [ -6.,  16.,  -2.]],

        [[ 18.,  28.,  36.],
         [ -2.,   4.,   6.],
         [-22.,  -4.,   6.]]], device='cuda:0')
tensor([[[ 12.,   6.,  28.],
         [ -6.,  28.,  -4.],
         [ 38.,   6.,  -2.]],

        [[ 20., -24.,   2.],
         [-12.,   8.,  -6.],
         [ 10.,  10.,  16.]],

        [[ 10.,  36.,  18.],
         [ 26.,  32.,  32.],
         [ 38.,  42.,  36.]],

        ...,

        [[-20., -18., -14.],
         [ -6., -14.,  16.],
         [-14., -12., -34.]],

        [[  2.,   0.,   2.],
         [ 10.,  30.,   6.],
         [-16.,   8.,   6.]],

        [[-14.,  10., -14.],
         [ 12.,  12., -14.],
         [ 26.,  -4.,  14.]]], device='cuda:0')
tensor([[[-82., -50., -48.],
         [ 24.,  -6.,  24.],
         [ -4.,   2.,  40.]],

        [[ -6.,  -8.,  12.],
         [ 40.,  38.,  52.],
         [ 24., -18.,  14.]],

        [[-30., -28., -76.],
         [ 52.,  18.,   4.],
         [ 22.,  -6., -10.]],

        ...,

        [[ 58.,  24.,   8.],
         [  2., -14., -26.],
         [ 24., -42., -16.]],

        [[-56.,  -2., -30.],
         [-32., -38.,  -6.],
         [  8.,  26.,  24.]],

        [[-14.,   0.,   8.],
         [  4.,  12.,  -2.],
         [ 16.,  20.,  24.]]], device='cuda:0')
tensor([[[-12.,   0., -16.],
         [ 30.,   4.,   0.],
         [  2.,   6.,  -6.]],

        [[ 12.,  22.,  34.],
         [-30., -36., -32.],
         [-50.,  -6., -52.]],

        [[ 16.,  26.,  32.],
         [  0.,  16.,  26.],
         [ -8.,  -4.,  20.]],

        ...,

        [[ -6., -20., -18.],
         [ 10.,  -8.,   0.],
         [ 10., -10., -16.]],

        [[ 22.,  20.,  30.],
         [ 22.,  -8.,  34.],
         [ 50., -10.,  32.]],

        [[  4.,  38.,   4.],
         [ 12.,  38.,  38.],
         [  8.,  30.,   8.]]], device='cuda:0')
tensor([[[  24.,  -34.,   88.],
         [ 100.,  -26.,  100.],
         [  40.,   12.,   80.]],

        [[  36.,   -6.,   34.],
         [ -16.,  -84.,  -54.],
         [ 134.,   58.,   80.]],

        [[-182.,   10., -192.],
         [ -50.,  124., -106.],
         [ -96.,   18., -200.]],

        ...,

        [[ -38.,   32.,   74.],
         [ -20.,  -34.,   22.],
         [ -76.,  -44.,  -14.]],

        [[ -16.,   20.,  -42.],
         [ -68.,   24.,  -94.],
         [ -70.,  -54., -166.]],

        [[   6., -124.,   30.],
         [  88.,  -90.,  102.],
         [  24.,  -72.,   96.]]], device='cuda:0')
tensor([ 6., -6., 30.,  ...,  6., 22., -4.], device='cuda:0')
tensor([ 10., -10., -10.,  ...,  -8.,  -4.,  -2.], device='cuda:0')
-
+
tensor([[[ -8., -16., -10.],
         [  0., -24.,   6.],
         [ 14., -14.,  -8.]],

        [[ 18.,  -2.,  -4.],
         [ -8.,   0.,   6.],
         [ -4.,   8.,  -6.]],

        [[ 18.,   6., -10.],
         [  8., -10.,  20.],
         [ -8.,  -2.,   8.]]], device='cuda:0')
tensor([[[  8.,   6., -22.],
         [  4.,  -2.,  -4.],
         [-14.,  -2.,  -4.]],

        [[-16., -12., -12.],
         [ -4.,  12.,   8.],
         [ 12.,  -2., -12.]],

        [[ -2., -26., -30.],
         [  8.,   6.,   8.],
         [  6.,   4.,   4.]],

        ...,

        [[-16.,   2.,   8.],
         [  2.,  -6.,   0.],
         [  2.,   4., -16.]],

        [[ 18., -12.,  -4.],
         [  0.,  16.,   2.],
         [ -6.,  16.,  -2.]],

        [[ 18.,  28.,  36.],
         [ -2.,   4.,   6.],
         [-22.,  -4.,   6.]]], device='cuda:0')
tensor([[[ 12.,   6.,  28.],
         [ -6.,  28.,  -4.],
         [ 38.,   6.,  -2.]],

        [[ 20., -24.,   2.],
         [-12.,   8.,  -6.],
         [ 10.,  10.,  16.]],

        [[ 10.,  36.,  18.],
         [ 26.,  32.,  32.],
         [ 38.,  42.,  36.]],

        ...,

        [[-20., -18., -14.],
         [ -6., -14.,  16.],
         [-14., -12., -34.]],

        [[  2.,   0.,   2.],
         [ 10.,  30.,   6.],
         [-16.,   8.,   6.]],

        [[-14.,  10., -14.],
         [ 12.,  12., -14.],
         [ 26.,  -4.,  14.]]], device='cuda:0')
tensor([[[-82., -50., -48.],
         [ 24.,  -6.,  24.],
         [ -4.,   2.,  40.]],

        [[ -6.,  -8.,  12.],
         [ 40.,  38.,  52.],
         [ 24., -18.,  14.]],

        [[-30., -28., -76.],
         [ 52.,  18.,   4.],
         [ 22.,  -6., -10.]],

        ...,

        [[ 58.,  24.,   8.],
         [  2., -14., -26.],
         [ 24., -42., -16.]],

        [[-56.,  -2., -30.],
         [-32., -38.,  -6.],
         [  8.,  26.,  24.]],

        [[-14.,   0.,   8.],
         [  4.,  12.,  -2.],
         [ 16.,  20.,  24.]]], device='cuda:0')
tensor([[[-12.,   0., -16.],
         [ 30.,   4.,   0.],
         [  2.,   6.,  -6.]],

        [[ 12.,  22.,  34.],
         [-30., -36., -32.],
         [-50.,  -6., -52.]],

        [[ 16.,  26.,  32.],
         [  0.,  16.,  26.],
         [ -8.,  -4.,  20.]],

        ...,

        [[ -6., -20., -18.],
         [ 10.,  -8.,   0.],
         [ 10., -10., -16.]],

        [[ 22.,  20.,  30.],
         [ 22.,  -8.,  34.],
         [ 50., -10.,  32.]],

        [[  4.,  38.,   4.],
         [ 12.,  38.,  38.],
         [  8.,  30.,   8.]]], device='cuda:0')
tensor([[[  24.,  -34.,   88.],
         [ 100.,  -26.,  100.],
         [  40.,   12.,   80.]],

        [[  36.,   -6.,   34.],
         [ -16.,  -84.,  -54.],
         [ 134.,   58.,   80.]],

        [[-182.,   10., -192.],
         [ -50.,  124., -106.],
         [ -96.,   18., -200.]],

        ...,

        [[ -38.,   32.,   74.],
         [ -20.,  -34.,   22.],
         [ -76.,  -44.,  -14.]],

        [[ -16.,   20.,  -42.],
         [ -68.,   24.,  -94.],
         [ -70.,  -54., -166.]],

        [[   6., -124.,   30.],
         [  88.,  -90.,  102.],
         [  24.,  -72.,   96.]]], device='cuda:0')
tensor([ 6., -6., 30.,  ...,  6., 22., -4.], device='cuda:0')
tensor([ 10., -10., -10.,  ...,  -8.,  -4.,  -2.], device='cuda:0')
-
+
tensor([[[ -8., -16., -10.],
         [  0., -24.,   6.],
         [ 14., -14.,  -8.]],

        [[ 18.,  -2.,  -4.],
         [ -8.,   0.,   6.],
         [ -4.,   8.,  -6.]],

        [[ 18.,   6., -10.],
         [  8., -10.,  20.],
         [ -8.,  -2.,   8.]]], device='cuda:0')
tensor([[[  8.,   6., -22.],
         [  4.,  -2.,  -4.],
         [-14.,  -2.,  -4.]],

        [[-16., -12., -12.],
         [ -4.,  12.,   8.],
         [ 12.,  -2., -12.]],

        [[ -2., -26., -30.],
         [  8.,   6.,   8.],
         [  6.,   4.,   4.]],

        ...,

        [[-16.,   2.,   8.],
         [  2.,  -6.,   0.],
         [  2.,   4., -16.]],

        [[ 18., -12.,  -4.],
         [  0.,  16.,   2.],
         [ -6.,  16.,  -2.]],

        [[ 18.,  28.,  36.],
         [ -2.,   4.,   6.],
         [-22.,  -4.,   6.]]], device='cuda:0')
tensor([[[ 12.,   6.,  28.],
         [ -6.,  28.,  -4.],
         [ 38.,   6.,  -2.]],

        [[ 20., -24.,   2.],
         [-12.,   8.,  -6.],
         [ 10.,  10.,  16.]],

        [[ 10.,  36.,  18.],
         [ 26.,  32.,  32.],
         [ 38.,  42.,  36.]],

        ...,

        [[-20., -18., -14.],
         [ -6., -14.,  16.],
         [-14., -12., -34.]],

        [[  2.,   0.,   2.],
         [ 10.,  30.,   6.],
         [-16.,   8.,   6.]],

        [[-14.,  10., -14.],
         [ 12.,  12., -14.],
         [ 26.,  -4.,  14.]]], device='cuda:0')
tensor([[[-82., -50., -48.],
         [ 24.,  -6.,  24.],
         [ -4.,   2.,  40.]],

        [[ -6.,  -8.,  12.],
         [ 40.,  38.,  52.],
         [ 24., -18.,  14.]],

        [[-30., -28., -76.],
         [ 52.,  18.,   4.],
         [ 22.,  -6., -10.]],

        ...,

        [[ 58.,  24.,   8.],
         [  2., -14., -26.],
         [ 24., -42., -16.]],

        [[-56.,  -2., -30.],
         [-32., -38.,  -6.],
         [  8.,  26.,  24.]],

        [[-14.,   0.,   8.],
         [  4.,  12.,  -2.],
         [ 16.,  20.,  24.]]], device='cuda:0')
tensor([[[-12.,   0., -16.],
         [ 30.,   4.,   0.],
         [  2.,   6.,  -6.]],

        [[ 12.,  22.,  34.],
         [-30., -36., -32.],
         [-50.,  -6., -52.]],

        [[ 16.,  26.,  32.],
         [  0.,  16.,  26.],
         [ -8.,  -4.,  20.]],

        ...,

        [[ -6., -20., -18.],
         [ 10.,  -8.,   0.],
         [ 10., -10., -16.]],

        [[ 22.,  20.,  30.],
         [ 22.,  -8.,  34.],
         [ 50., -10.,  32.]],

        [[  4.,  38.,   4.],
         [ 12.,  38.,  38.],
         [  8.,  30.,   8.]]], device='cuda:0')
tensor([[[  24.,  -34.,   88.],
         [ 100.,  -26.,  100.],
         [  40.,   12.,   80.]],

        [[  36.,   -6.,   34.],
         [ -16.,  -84.,  -54.],
         [ 134.,   58.,   80.]],

        [[-182.,   10., -192.],
         [ -50.,  124., -106.],
         [ -96.,   18., -200.]],

        ...,

        [[ -38.,   32.,   74.],
         [ -20.,  -34.,   22.],
         [ -76.,  -44.,  -14.]],

        [[ -16.,   20.,  -42.],
         [ -68.,   24.,  -94.],
         [ -70.,  -54., -166.]],

        [[   6., -124.,   30.],
         [  88.,  -90.,  102.],
         [  24.,  -72.,   96.]]], device='cuda:0')
tensor([ 6., -6., 30.,  ...,  6., 22., -4.], device='cuda:0')
tensor([ 10., -10., -10.,  ...,  -8.,  -4.,  -2.], device='cuda:0')
-

Accuracy: 12.77%

total_err_shifts:  [0, 0, 0, 0, 0, 0, 0, 20364]
-----------------------------
Successfully stored results in /mnt/c/Users/leona/Projects/TU-Dortmund/RTM/rtm_fmnist_cifar/experiments/VGG7/results-23-01-2024-14:22:58/results.jsonl
-----------------------------
[22.96, 12.770000000000001]
-----------------------------
